32 116
464 254 456 282 446 305 434 326 423 342 405 355 381 365 351 357 332 340 315 324 298 303 287 272 279 243 301 187 312 180 324 178 337 180 343 185 334 191 322 193 311 193 445 177 432 173 420 172 406 173 395 183 406 187 419 187 433 185 352 165 335 160 317 160 302 164 284 175 395 163 411 157 427 153 444 156 460 167 414 291 397 283 376 281 356 284 341 294 361 297 379 299 397 298 381 203 387 230 399 234 400 247 387 250 373 254 359 251 347 248 348 236 359 230 360 204 
466 234 459 262 452 293 444 318 430 343 415 358 393 359 366 358 345 343 324 328 305 305 291 275 284 238 315 190 328 184 338 182 350 184 358 190 348 195 335 197 324 196 448 183 441 176 428 174 418 176 406 183 416 189 430 192 441 189 360 169 342 167 326 165 309 171 295 181 406 167 423 161 438 157 454 159 465 171 420 289 406 284 392 282 373 286 356 294 378 297 394 299 410 298 398 205 401 229 412 238 413 248 404 252 391 258 375 253 363 253 363 239 378 232 375 207 
476 231 469 280 466 303 460 328 447 348 432 361 409 369 384 371 360 361 335 344 315 323 298 293 283 250 322 195 332 187 344 184 356 184 368 191 358 196 345 200 333 200 463 179 451 174 439 172 427 174 420 184 431 189 442 189 455 186 369 166 353 166 337 165 318 170 302 183 421 165 434 159 448 154 460 154 473 163 442 294 425 285 411 285 394 288 374 303 396 304 415 304 430 301 418 208 424 232 432 240 433 249 425 255 412 260 392 255 380 255 380 241 398 233 396 210 
445 258 437 288 426 312 413 335 396 353 374 367 343 371 319 367 305 352 290 333 282 311 272 288 264 266 266 196 278 189 288 185 301 187 309 192 299 200 289 200 276 202 409 183 395 176 383 174 370 177 359 187 371 192 385 193 396 189 297 173 280 171 267 172 256 177 250 186 350 168 370 159 389 155 410 159 426 171 369 297 342 287 327 286 314 289 303 302 315 307 331 308 350 305 324 213 322 238 344 235 351 251 339 254 319 261 307 258 301 257 301 243 306 239 311 213 
419 245 411 273 402 301 385 323 364 343 343 363 315 369 292 363 279 346 271 330 258 310 248 286 236 259 239 200 247 191 258 189 269 190 277 195 269 202 258 207 248 205 366 186 355 177 342 177 327 181 319 189 330 193 344 194 356 191 262 178 248 176 234 177 225 184 221 194 315 166 328 161 348 159 366 162 385 172 337 292 310 286 293 286 281 289 272 299 285 303 302 304 322 299 287 212 287 235 315 237 318 253 303 254 284 260 278 259 270 254 270 242 271 236 276 212 
443 225 436 251 427 272 416 294 404 311 386 324 356 329 330 324 313 314 295 300 278 283 270 261 264 234 284 160 294 152 304 147 318 149 329 153 319 159 308 163 296 164 418 152 411 147 398 142 385 142 377 149 386 154 396 157 408 155 327 122 311 122 295 125 279 129 265 143 372 119 391 117 413 117 425 123 438 142 390 252 371 232 356 229 337 234 319 254 341 253 357 253 374 253 361 156 364 178 378 189 378 204 367 203 353 205 340 205 330 206 327 191 340 178 343 157 
452 230 446 258 438 281 429 299 415 316 401 327 379 333 358 330 337 322 313 306 297 290 282 268 272 235 300 162 308 151 320 148 332 148 344 154 336 160 325 164 313 164 431 153 424 146 412 143 401 144 393 152 403 157 411 158 422 157 350 124 336 122 316 124 295 130 280 142 396 122 413 120 427 119 438 123 446 138 415 254 401 235 384 233 368 235 344 257 368 255 385 253 402 254 384 160 389 180 401 191 402 206 391 205 380 206 366 207 354 208 355 190 372 181 369 161 
459 218 452 256 448 275 441 293 436 311 428 321 407 331 372 326 339 316 315 302 300 284 287 265 276 240 315 161 323 155 334 151 348 153 359 159 349 165 337 166 325 167 443 156 434 148 423 145 412 148 406 154 414 158 425 161 433 160 360 129 346 124 324 126 310 131 297 144 404 128 417 122 433 121 447 124 454 140 435 257 423 240 407 235 386 241 364 256 386 258 407 256 421 257 406 160 412 180 420 194 420 207 412 208 400 210 385 209 373 211 373 197 392 181 388 162 
433 230 426 255 415 279 402 302 383 316 364 334 336 340 308 332 293 316 273 300 264 280 256 255 250 232 261 170 269 162 280 156 293 156 305 161 297 167 284 172 272 172 397 157 387 151 377 148 365 150 352 157 365 161 376 163 388 161 299 133 283 133 267 134 254 141 244 156 347 129 364 124 383 122 401 128 414 143 367 258 343 245 324 242 307 248 295 265 315 265 326 263 345 263 327 170 325 191 348 199 346 214 335 214 321 216 309 216 302 216 302 201 308 193 311 169 
417 243 408 268 393 292 374 313 355 328 329 341 303 345 280 343 266 331 258 318 246 299 238 277 232 251 241 172 247 163 258 158 269 159 279 164 272 170 262 174 251 176 373 161 364 155 351 153 338 154 327 160 336 164 351 167 363 165 271 135 256 133 243 135 230 142 223 154 319 132 339 128 357 126 380 132 394 146 331 267 302 247 287 244 273 248 264 271 278 267 289 266 305 266 288 177 286 194 316 205 315 219 299 215 285 219 276 219 268 220 266 206 272 195 276 177 
421 268 412 298 399 325 382 348 361 370 339 383 311 390 289 384 279 371 273 355 259 334 253 315 237 283 237 214 244 211 254 210 265 212 275 218 266 221 255 223 243 220 371 208 360 203 347 202 333 205 322 212 336 216 349 218 360 217 271 203 254 202 239 199 227 199 215 202 313 198 333 193 351 188 373 191 392 200 337 324 307 318 293 318 281 319 272 323 283 331 293 333 310 334 292 244 289 268 317 270 318 286 304 287 285 294 275 288 268 283 268 274 272 267 274 242 
438 262 427 301 416 327 402 351 387 370 371 388 344 393 318 388 306 371 291 356 276 333 265 307 253 274 261 221 272 218 282 217 293 218 303 222 294 229 282 230 270 227 406 215 395 211 383 209 371 212 359 218 372 224 384 225 396 220 304 210 285 206 270 204 255 204 242 211 354 207 372 200 389 196 409 197 426 204 369 328 352 323 334 323 317 324 304 330 318 335 336 338 355 335 335 250 332 274 351 275 354 287 344 294 327 303 313 296 305 290 308 276 314 274 316 249 
448 266 440 297 430 325 416 346 404 368 387 386 364 390 341 390 323 374 309 358 285 329 272 303 263 273 286 222 294 217 305 216 320 217 330 221 320 227 306 229 294 228 427 211 417 206 407 206 395 209 385 216 395 220 407 222 420 219 327 206 311 203 292 203 276 205 260 211 381 203 397 197 416 193 430 192 446 200 392 326 376 321 359 323 342 323 327 330 343 335 361 337 379 333 365 247 365 272 380 274 384 286 375 290 357 301 342 294 332 290 334 276 347 273 344 247 
458 265 446 298 439 322 434 341 430 358 419 379 393 390 365 383 337 367 319 351 304 332 288 303 277 273 306 223 315 216 328 214 341 214 354 215 344 224 330 230 316 228 448 201 438 198 425 200 415 204 406 211 419 214 431 215 443 210 355 203 335 201 319 202 300 207 283 214 406 196 422 190 443 185 457 185 464 193 421 317 408 314 392 316 378 319 358 329 378 331 395 332 412 327 399 236 402 263 414 268 416 277 410 285 397 295 379 290 364 288 366 272 382 266 379 238 
469 259 459 296 456 326 453 341 449 357 443 369 423 378 394 380 367 370 348 353 326 333 310 311 295 285 327 227 336 221 348 219 359 217 372 220 362 228 349 233 336 233 455 198 449 196 440 197 430 200 420 208 430 212 440 211 450 207 374 205 357 204 339 206 323 211 305 221 420 192 436 185 453 180 464 178 472 187 445 311 432 307 419 309 406 312 383 326 407 326 422 326 434 321 417 233 424 257 434 263 436 272 432 278 421 289 398 284 386 282 388 269 402 262 398 238 
445 256 439 282 432 304 425 324 413 344 396 361 370 368 341 363 319 348 301 333 287 314 276 288 267 258 288 203 296 192 308 188 323 190 332 199 321 206 310 210 298 209 425 190 415 183 404 180 392 184 381 195 392 200 406 200 418 198 339 166 324 159 301 155 283 163 270 177 376 161 393 152 410 145 427 150 444 170 396 299 380 291 366 292 348 294 329 306 349 308 366 308 382 306 366 215 369 237 382 244 385 256 377 261 361 267 347 264 337 263 337 247 351 238 350 216 
453 254 447 280 439 304 432 326 427 342 421 356 395 368 362 363 338 350 315 333 296 314 282 289 273 264 305 204 316 196 327 192 342 195 351 203 340 210 328 214 317 211 438 188 430 183 419 181 407 184 398 196 410 199 420 200 431 196 358 169 332 164 313 165 297 176 285 189 399 164 415 156 432 150 447 156 451 167 421 298 407 291 392 291 376 296 355 307 377 309 393 308 408 306 395 217 399 240 410 247 411 259 403 263 390 270 377 266 364 267 364 251 379 242 378 218 
461 238 458 275 455 301 452 323 452 341 443 358 426 366 396 366 361 355 335 340 314 320 300 298 287 272 330 204 338 195 349 189 364 191 373 199 363 206 352 209 341 209 451 183 443 176 434 175 424 180 416 189 425 193 435 192 444 190 380 172 360 168 342 169 325 177 307 192 421 164 432 157 445 149 457 152 462 162 447 289 437 282 428 284 415 288 389 302 417 302 430 299 440 296 424 212 430 234 436 241 438 254 432 255 425 259 406 258 391 261 389 246 413 235 410 215 
424 251 416 278 405 305 388 328 366 347 348 361 313 368 299 360 287 349 274 329 263 305 254 281 247 253 256 197 263 191 272 190 281 192 291 198 282 207 271 210 262 207 383 200 374 189 361 187 347 191 340 200 347 205 360 208 373 203 297 172 283 165 267 160 247 162 241 174 333 165 352 157 373 153 391 161 406 178 346 305 321 295 307 294 295 295 282 304 294 309 305 310 324 309 309 222 306 243 329 248 329 264 316 265 301 268 290 268 285 261 286 251 290 242 295 221 
409 255 400 284 386 309 366 333 344 350 319 362 295 366 278 357 269 347 266 336 257 315 245 289 231 258 236 200 241 192 250 189 260 193 269 200 261 207 251 210 241 208 355 195 344 186 332 184 320 189 312 199 323 203 335 204 345 200 257 166 243 162 232 160 223 163 220 177 298 160 320 152 341 149 359 155 375 172 322 300 297 293 282 292 271 293 262 301 273 305 284 308 297 306 278 218 277 239 301 245 303 263 287 262 269 268 262 264 257 261 257 249 261 239 265 217 
423 244 414 270 402 291 387 312 365 330 336 346 307 350 285 343 276 331 265 311 259 292 253 273 247 245 251 181 260 173 270 171 281 174 290 179 281 187 270 189 258 187 378 179 365 169 353 166 340 171 331 178 340 183 353 185 365 183 283 144 271 139 256 135 245 139 240 154 321 139 341 131 363 128 386 137 399 155 339 283 311 271 295 270 283 272 274 281 287 286 298 287 314 286 299 198 297 217 322 223 322 241 306 240 289 243 280 240 276 238 276 227 279 217 285 196 
463 228 460 256 455 285 449 304 442 324 432 340 413 348 384 348 357 335 329 319 313 300 296 276 286 251 310 187 319 177 330 172 342 174 354 179 344 187 333 192 320 191 441 166 431 158 419 158 409 164 403 172 413 177 424 176 434 174 361 139 340 133 318 135 299 144 289 163 398 135 412 125 429 120 445 123 455 143 430 273 417 265 401 264 384 270 364 281 389 285 403 283 415 280 396 188 401 210 415 221 417 230 405 236 395 239 379 237 367 239 366 223 382 212 378 190 
470 265 461 301 449 333 444 351 441 369 433 383 412 393 379 391 354 377 331 361 313 340 298 316 288 286 317 236 328 231 340 228 353 229 365 232 353 240 341 244 327 242 458 210 449 208 438 210 427 215 416 222 431 228 442 226 453 220 372 214 356 209 334 207 313 212 295 222 415 206 430 196 449 186 464 181 474 190 438 330 422 330 409 332 389 334 368 341 392 345 409 344 423 339 409 253 411 280 425 282 428 294 421 301 405 314 384 305 374 304 374 290 392 283 390 256 
438 265 432 289 425 314 407 339 384 364 365 382 328 392 308 383 298 363 285 343 274 318 263 297 250 278 253 224 260 221 269 221 280 225 290 231 280 235 269 235 258 231 387 223 375 217 364 216 353 219 342 229 353 235 366 235 378 232 280 209 267 204 252 200 241 202 234 212 330 204 348 200 369 195 392 197 412 210 354 335 328 330 310 328 298 331 292 334 301 338 314 340 327 340 310 258 308 283 326 280 335 299 323 300 303 313 290 303 284 294 287 287 290 283 294 258 
438 265 432 289 425 314 407 339 384 364 365 382 328 392 308 383 298 363 285 343 274 318 263 297 250 278 253 224 260 221 269 221 280 225 290 231 280 235 269 235 258 231 387 223 375 217 364 216 353 219 342 229 353 235 366 235 378 232 280 209 267 204 252 200 241 202 234 212 330 204 348 200 369 195 392 197 412 210 354 335 328 330 310 328 298 331 292 334 301 338 314 340 327 340 310 258 308 283 326 280 335 299 323 300 303 313 290 303 284 294 287 287 290 283 294 258 
471 223 467 259 462 287 460 305 459 323 456 332 444 346 412 350 384 343 357 329 336 313 315 294 296 259 348 192 358 185 368 181 380 180 389 186 381 194 369 198 359 197 462 168 456 166 447 164 439 167 433 174 441 179 450 181 458 175 395 161 379 159 360 162 343 171 328 183 438 156 455 149 469 145 475 150 473 161 456 270 450 265 440 267 429 272 403 287 425 289 439 285 448 283 440 197 449 220 455 228 453 240 446 243 440 245 424 243 406 245 406 233 433 223 426 199 
470 238 460 272 453 302 449 318 448 332 441 345 427 360 399 360 376 350 344 330 326 310 306 290 295 266 339 213 348 206 360 203 373 201 384 207 374 214 362 217 352 218 463 181 455 179 446 182 436 188 428 195 439 196 450 195 457 189 386 188 371 189 356 191 341 196 322 204 434 177 446 171 459 165 471 160 473 173 441 291 434 291 426 293 413 297 393 305 415 307 428 305 437 302 431 219 436 243 441 251 444 262 439 268 428 271 409 266 399 267 399 251 418 245 415 222 
470 207 463 240 460 266 457 288 457 306 448 323 431 331 401 331 366 320 340 305 319 285 305 263 292 237 336 173 346 166 357 160 370 161 381 166 371 173 358 178 347 178 458 157 451 150 441 148 431 150 422 158 431 162 442 164 450 161 385 137 366 136 348 137 330 147 315 161 427 132 438 127 451 125 465 129 467 146 452 254 443 243 432 246 419 249 394 267 418 265 432 264 444 262 428 174 436 192 441 206 443 216 435 219 427 221 412 220 399 225 398 207 417 194 412 175 
487 246 474 279 466 300 457 318 454 335 450 347 437 354 402 353 378 344 354 327 334 305 319 277 310 248 361 211 373 202 388 200 399 200 410 206 400 213 386 217 373 215 490 192 481 189 472 190 464 196 455 204 464 207 475 207 484 202 417 187 398 182 379 178 363 185 348 194 464 183 478 177 488 170 499 168 502 180 459 299 451 296 442 296 428 298 402 307 429 309 441 309 451 308 453 227 458 251 460 260 461 270 458 277 449 279 428 272 413 272 413 254 438 252 437 229 
466 246 456 277 445 298 439 324 428 341 422 357 398 365 363 361 342 347 323 329 310 307 302 280 292 251 323 221 332 215 344 214 356 215 365 220 355 226 342 227 330 227 455 205 446 204 439 204 426 210 415 215 426 218 440 217 451 213 371 203 352 200 329 199 314 203 299 210 416 202 438 194 452 187 466 186 472 198 422 311 410 307 395 308 384 308 362 317 382 322 398 322 412 318 403 244 405 269 415 266 418 279 409 286 397 296 381 288 372 284 373 267 386 270 386 244 
475 201 472 229 468 252 464 270 462 281 459 293 439 303 406 303 372 295 344 283 319 260 305 238 292 212 337 141 351 135 361 132 376 132 385 137 375 142 362 145 352 146 462 149 455 143 447 138 441 137 432 136 436 145 443 150 452 150 399 96 383 93 361 93 340 102 326 118 432 103 444 100 458 102 470 108 474 130 457 233 449 209 432 205 417 207 386 234 417 231 432 229 443 231 430 136 440 152 449 170 447 182 439 180 432 176 415 179 401 186 401 167 424 152 419 139 
418 240 415 269 405 299 395 322 379 346 366 368 340 374 317 371 304 359 289 345 275 324 256 300 243 275 247 233 254 227 266 226 276 227 287 231 277 236 267 240 256 239 376 214 367 211 359 212 347 216 336 223 347 224 359 224 371 219 278 217 264 215 251 213 238 214 225 219 331 210 347 201 365 193 383 193 396 197 355 321 335 321 319 322 309 323 301 327 313 334 323 333 337 332 317 251 318 275 333 275 328 298 336 290 312 306 300 302 293 295 293 284 302 276 300 253 
